1 3
2 18
3 8
4 13
5 11
6 17
7 6
8 2
9 34
10 34
11 6
12 1
13 1
14 34
15 34
16 33
17 7
18 1
19 34
20 34
21 34
22 1
23 34
24 34
25 28
26 32
27 34
28 34
29 34
30 33
31 33
32 34
33 34
34 31
35 51
36 42
37 41
38 43
39 65
40 39
41 42
42 56
43 39
44 45
45 42
46 51
47 51
48 42
49 39
50 53
51 42
52 50
53 37
54 42
55 52
56 38
57 48
58 42
59 43
60 42
61 51
62 59
63 55
64 51
65 42
66 51
67 37
68 42
25 32
2 22
1 6
24 30
24 33
1 11
1 20
1 2
3 29
9 33
21 33
3 10
4 8
1 14
1 5
3 14
1 32
32 33
30 34
2 31
3 33
2 20
1 4
4 14
3 9
2 3
1 9
2 14
24 28
19 33
25 26
5 7
16 34
29 32
15 33
1 8
27 30
1 7
3 28
3 4
2 4
24 26
23 33
46 42
66 42
38 41
47 42
37 59
37 40
56 48
37 49
44 48
37 60
38 58
48 51
38 51
68 36
63 53
37 48
37 39
61 42
64 42
38 59
35 36
37 43
37 62
37 63
39 54
37 38
38 60
44 57
38 45
39 60
35 57
39 59
37 55
50 55
36 51
35 42
35 45
37 50
65 51
39 38
37 54
41 51
59 60
37 1
